origin,dest,count
1,1,196.0
1,2,225.0
1,3,204.0
1,4,164.0
1,5,266.0
1,6,258.0
1,7,231.0
1,8,166.0
1,9,357.0
1,10,325.0
1,11,263.0
1,12,186.0
1,13,169.0
1,14,176.0
1,15,178.0
1,16,186.0
1,17,156.0
1,18,156.0
1,19,158.0
1,20,163.0
1,21,171.0
1,22,175.0
1,23,177.0
1,24,163.0
1,25,155.0
1,26,163.0
1,27,196.0
1,28,179.0
1,29,174.0
1,30,169.0
1,31,185.0
1,32,189.0
2,1,225.0
2,2,181.0
2,3,182.0
2,4,147.0
2,5,239.0
2,6,245.0
2,7,196.0
2,8,150.0
2,9,289.0
2,10,296.0
2,11,229.0
2,12,167.0
2,13,162.0
2,14,169.0
2,15,170.0
2,16,178.0
2,17,148.0
2,18,148.0
2,19,150.0
2,20,155.0
2,21,163.0
2,22,167.0
2,23,169.0
2,24,155.0
2,25,149.0
2,26,152.0
2,27,175.0
2,28,171.0
2,29,166.0
2,30,162.0
2,31,177.0
2,32,182.0
3,1,204.0
3,2,182.0
3,3,170.0
3,4,149.0
3,5,196.0
3,6,194.0
3,7,232.0
3,8,155.0
3,9,237.0
3,10,214.0
3,11,263.0
3,12,166.0
3,13,157.0
3,14,164.0
3,15,165.0
3,16,173.0
3,17,143.0
3,18,143.0
3,19,145.0
3,20,150.0
3,21,158.0
3,22,163.0
3,23,164.0
3,24,150.0
3,25,149.0
3,26,147.0
3,27,171.0
3,28,166.0
3,29,162.0
3,30,157.0
3,31,172.0
3,32,177.0
4,1,164.0
4,2,147.0
4,3,149.0
4,4,169.0
4,5,160.0
4,6,161.0
4,7,157.0
4,8,226.0
4,9,165.0
4,10,185.0
4,11,234.0
4,12,257.0
4,13,154.0
4,14,162.0
4,15,163.0
4,16,171.0
4,17,141.0
4,18,141.0
4,19,143.0
4,20,148.0
4,21,156.0
4,22,160.0
4,23,162.0
4,24,148.0
4,25,251.0
4,26,240.0
4,27,276.0
4,28,164.0
4,29,159.0
4,30,154.0
4,31,170.0
4,32,175.0
5,1,266.0
5,2,239.0
5,3,196.0
5,4,160.0
5,5,196.0
5,6,240.0
5,7,208.0
5,8,166.0
5,9,271.0
5,10,267.0
5,11,208.0
5,12,169.0
5,13,143.0
5,14,150.0
5,15,151.0
5,16,160.0
5,17,129.0
5,18,129.0
5,19,132.0
5,20,137.0
5,21,145.0
5,22,149.0
5,23,151.0
5,24,137.0
5,25,167.0
5,26,156.0
5,27,168.0
5,28,153.0
5,29,148.0
5,30,143.0
5,31,159.0
5,32,163.0
6,1,258.0
6,2,245.0
6,3,194.0
6,4,161.0
6,5,240.0
6,6,181.0
6,7,183.0
6,8,149.0
6,9,245.0
6,10,256.0
6,11,184.0
6,12,150.0
6,13,138.0
6,14,145.0
6,15,146.0
6,16,154.0
6,17,124.0
6,18,124.0
6,19,126.0
6,20,131.0
6,21,139.0
6,22,144.0
6,23,145.0
6,24,131.0
6,25,151.0
6,26,153.0
6,27,153.0
6,28,147.0
6,29,142.0
6,30,138.0
6,31,153.0
6,32,158.0
7,1,231.0
7,2,196.0
7,3,232.0
7,4,157.0
7,5,208.0
7,6,183.0
7,7,170.0
7,8,149.0
7,9,201.0
7,10,215.0
7,11,239.0
7,12,151.0
7,13,134.0
7,14,141.0
7,15,142.0
7,16,150.0
7,17,120.0
7,18,120.0
7,19,122.0
7,20,127.0
7,21,135.0
7,22,140.0
7,23,141.0
7,24,127.0
7,25,164.0
7,26,146.0
7,27,150.0
7,28,143.0
7,29,138.0
7,30,134.0
7,31,149.0
7,32,154.0
8,1,166.0
8,2,150.0
8,3,155.0
8,4,226.0
8,5,166.0
8,6,149.0
8,7,149.0
8,8,169.0
8,9,160.0
8,10,147.0
8,11,170.0
8,12,221.0
8,13,133.0
8,14,140.0
8,15,141.0
8,16,150.0
8,17,119.0
8,18,119.0
8,19,122.0
8,20,126.0
8,21,135.0
8,22,139.0
8,23,141.0
8,24,126.0
8,25,235.0
8,26,231.0
8,27,254.0
8,28,142.0
8,29,138.0
8,30,133.0
8,31,149.0
8,32,153.0
9,1,357.0
9,2,289.0
9,3,237.0
9,4,165.0
9,5,271.0
9,6,245.0
9,7,201.0
9,8,160.0
9,9,196.0
9,10,236.0
9,11,194.0
9,12,161.0
9,13,171.0
9,14,178.0
9,15,179.0
9,16,188.0
9,17,157.0
9,18,157.0
9,19,160.0
9,20,164.0
9,21,173.0
9,22,177.0
9,23,179.0
9,24,164.0
9,25,164.0
9,26,167.0
9,27,160.0
9,28,181.0
9,29,176.0
9,30,171.0
9,31,187.0
9,32,191.0
10,1,325.0
10,2,296.0
10,3,214.0
10,4,185.0
10,5,267.0
10,6,256.0
10,7,215.0
10,8,147.0
10,9,236.0
10,10,181.0
10,11,184.0
10,12,157.0
10,13,166.0
10,14,173.0
10,15,174.0
10,16,182.0
10,17,152.0
10,18,152.0
10,19,154.0
10,20,159.0
10,21,167.0
10,22,172.0
10,23,173.0
10,24,159.0
10,25,162.0
10,26,154.0
10,27,148.0
10,28,175.0
10,29,170.0
10,30,166.0
10,31,181.0
10,32,186.0
11,1,263.0
11,2,229.0
11,3,263.0
11,4,234.0
11,5,208.0
11,6,184.0
11,7,239.0
11,8,170.0
11,9,194.0
11,10,184.0
11,11,170.0
11,12,150.0
11,13,159.0
11,14,166.0
11,15,167.0
11,16,176.0
11,17,145.0
11,18,145.0
11,19,148.0
11,20,153.0
11,21,161.0
11,22,165.0
11,23,167.0
11,24,153.0
11,25,248.0
11,26,161.0
11,27,149.0
11,28,169.0
11,29,164.0
11,30,159.0
11,31,175.0
11,32,179.0
12,1,186.0
12,2,167.0
12,3,166.0
12,4,257.0
12,5,169.0
12,6,150.0
12,7,151.0
12,8,221.0
12,9,161.0
12,10,157.0
12,11,150.0
12,12,169.0
12,13,153.0
12,14,160.0
12,15,161.0
12,16,169.0
12,17,139.0
12,18,139.0
12,19,141.0
12,20,146.0
12,21,154.0
12,22,159.0
12,23,160.0
12,24,146.0
12,25,262.0
12,26,228.0
12,27,235.0
12,28,162.0
12,29,157.0
12,30,153.0
12,31,168.0
12,32,173.0
13,1,169.0
13,2,162.0
13,3,157.0
13,4,154.0
13,5,143.0
13,6,138.0
13,7,134.0
13,8,133.0
13,9,171.0
13,10,166.0
13,11,159.0
13,12,153.0
13,13,151.0
13,14,147.0
13,15,141.0
13,16,145.0
13,17,188.0
13,18,151.0
13,19,142.0
13,20,164.0
13,21,213.0
13,22,204.0
13,23,162.0
13,24,164.0
13,25,158.0
13,26,156.0
13,27,165.0
13,28,196.0
13,29,191.0
13,30,207.0
13,31,145.0
13,32,149.0
14,1,176.0
14,2,169.0
14,3,164.0
14,4,162.0
14,5,150.0
14,6,145.0
14,7,141.0
14,8,140.0
14,9,178.0
14,10,173.0
14,11,166.0
14,12,160.0
14,13,147.0
14,14,151.0
14,15,189.0
14,16,209.0
14,17,137.0
14,18,207.0
14,19,191.0
14,20,206.0
14,21,149.0
14,22,227.0
14,23,208.0
14,24,206.0
14,25,165.0
14,26,163.0
14,27,172.0
14,28,145.0
14,29,144.0
14,30,144.0
14,31,226.0
14,32,197.0
15,1,178.0
15,2,170.0
15,3,165.0
15,4,163.0
15,5,151.0
15,6,146.0
15,7,142.0
15,8,141.0
15,9,179.0
15,10,174.0
15,11,167.0
15,12,161.0
15,13,141.0
15,14,189.0
15,15,157.0
15,16,253.0
15,17,136.0
15,18,188.0
15,19,210.0
15,20,231.0
15,21,155.0
15,22,226.0
15,23,239.0
15,24,231.0
15,25,166.0
15,26,164.0
15,27,173.0
15,28,139.0
15,29,149.0
15,30,137.0
15,31,225.0
15,32,276.0
16,1,186.0
16,2,178.0
16,3,173.0
16,4,171.0
16,5,160.0
16,6,154.0
16,7,150.0
16,8,150.0
16,9,188.0
16,10,182.0
16,11,176.0
16,12,169.0
16,13,145.0
16,14,209.0
16,15,253.0
16,16,170.0
16,17,147.0
16,18,206.0
16,19,251.0
16,20,233.0
16,21,164.0
16,22,268.0
16,23,362.0
16,24,233.0
16,25,175.0
16,26,173.0
16,27,182.0
16,28,149.0
16,29,154.0
16,30,176.0
16,31,236.0
16,32,271.0
17,1,156.0
17,2,148.0
17,3,143.0
17,4,141.0
17,5,129.0
17,6,124.0
17,7,120.0
17,8,119.0
17,9,157.0
17,10,152.0
17,11,145.0
17,12,139.0
17,13,188.0
17,14,137.0
17,15,136.0
17,16,147.0
17,17,151.0
17,18,133.0
17,19,138.0
17,20,152.0
17,21,192.0
17,22,149.0
17,23,139.0
17,24,152.0
17,25,144.0
17,26,142.0
17,27,151.0
17,28,213.0
17,29,201.0
17,30,188.0
17,31,143.0
17,32,144.0
18,1,156.0
18,2,148.0
18,3,143.0
18,4,141.0
18,5,129.0
18,6,124.0
18,7,120.0
18,8,119.0
18,9,157.0
18,10,152.0
18,11,145.0
18,12,139.0
18,13,151.0
18,14,207.0
18,15,188.0
18,16,206.0
18,17,133.0
18,18,151.0
18,19,179.0
18,20,183.0
18,21,145.0
18,22,204.0
18,23,183.0
18,24,183.0
18,25,144.0
18,26,142.0
18,27,151.0
18,28,153.0
18,29,147.0
18,30,144.0
18,31,194.0
18,32,201.0
19,1,158.0
19,2,150.0
19,3,145.0
19,4,143.0
19,5,132.0
19,6,126.0
19,7,122.0
19,8,122.0
19,9,160.0
19,10,154.0
19,11,148.0
19,12,141.0
19,13,142.0
19,14,191.0
19,15,210.0
19,16,251.0
19,17,138.0
19,18,179.0
19,19,157.0
19,20,240.0
19,21,145.0
19,22,185.0
19,23,208.0
19,24,240.0
19,25,146.0
19,26,145.0
19,27,153.0
19,28,142.0
19,29,153.0
19,30,139.0
19,31,235.0
19,32,229.0
20,1,163.0
20,2,155.0
20,3,150.0
20,4,148.0
20,5,137.0
20,6,131.0
20,7,127.0
20,8,126.0
20,9,164.0
20,10,159.0
20,11,153.0
20,12,146.0
20,13,164.0
20,14,206.0
20,15,231.0
20,16,233.0
20,17,152.0
20,18,183.0
20,19,240.0
20,20,170.0
20,21,160.0
20,22,220.0
20,23,293.0
20,24,170.0
20,25,151.0
20,26,150.0
20,27,158.0
20,28,160.0
20,29,148.0
20,30,152.0
20,31,230.0
20,32,242.0
21,1,171.0
21,2,163.0
21,3,158.0
21,4,156.0
21,5,145.0
21,6,139.0
21,7,135.0
21,8,135.0
21,9,173.0
21,10,167.0
21,11,161.0
21,12,154.0
21,13,213.0
21,14,149.0
21,15,155.0
21,16,164.0
21,17,192.0
21,18,145.0
21,19,145.0
21,20,160.0
21,21,151.0
21,22,140.0
21,23,142.0
21,24,160.0
21,25,159.0
21,26,158.0
21,27,166.0
21,28,226.0
21,29,218.0
21,30,198.0
21,31,175.0
21,32,145.0
22,1,175.0
22,2,167.0
22,3,163.0
22,4,160.0
22,5,149.0
22,6,144.0
22,7,140.0
22,8,139.0
22,9,177.0
22,10,172.0
22,11,165.0
22,12,159.0
22,13,204.0
22,14,227.0
22,15,226.0
22,16,268.0
22,17,149.0
22,18,204.0
22,19,185.0
22,20,220.0
22,21,140.0
22,22,151.0
22,23,175.0
22,24,220.0
22,25,164.0
22,26,162.0
22,27,171.0
22,28,220.0
22,29,188.0
22,30,140.0
22,31,265.0
22,32,188.0
23,1,177.0
23,2,169.0
23,3,164.0
23,4,162.0
23,5,151.0
23,6,145.0
23,7,141.0
23,8,141.0
23,9,179.0
23,10,173.0
23,11,167.0
23,12,160.0
23,13,162.0
23,14,208.0
23,15,239.0
23,16,362.0
23,17,139.0
23,18,183.0
23,19,208.0
23,20,293.0
23,21,142.0
23,22,175.0
23,23,157.0
23,24,293.0
23,25,165.0
23,26,164.0
23,27,172.0
23,28,185.0
23,29,148.0
23,30,138.0
23,31,265.0
23,32,230.0
24,1,163.0
24,2,155.0
24,3,150.0
24,4,148.0
24,5,137.0
24,6,131.0
24,7,127.0
24,8,126.0
24,9,164.0
24,10,159.0
24,11,153.0
24,12,146.0
24,13,164.0
24,14,206.0
24,15,231.0
24,16,233.0
24,17,152.0
24,18,183.0
24,19,240.0
24,20,170.0
24,21,160.0
24,22,220.0
24,23,293.0
24,24,170.0
24,25,151.0
24,26,150.0
24,27,158.0
24,28,160.0
24,29,148.0
24,30,152.0
24,31,230.0
24,32,242.0
25,1,155.0
25,2,149.0
25,3,149.0
25,4,251.0
25,5,167.0
25,6,151.0
25,7,164.0
25,8,235.0
25,9,164.0
25,10,162.0
25,11,248.0
25,12,262.0
25,13,158.0
25,14,165.0
25,15,166.0
25,16,175.0
25,17,144.0
25,18,144.0
25,19,146.0
25,20,151.0
25,21,159.0
25,22,164.0
25,23,165.0
25,24,151.0
25,25,169.0
25,26,221.0
25,27,255.0
25,28,167.0
25,29,163.0
25,30,158.0
25,31,173.0
25,32,178.0
26,1,163.0
26,2,152.0
26,3,147.0
26,4,240.0
26,5,156.0
26,6,153.0
26,7,146.0
26,8,231.0
26,9,167.0
26,10,154.0
26,11,161.0
26,12,228.0
26,13,156.0
26,14,163.0
26,15,164.0
26,16,173.0
26,17,142.0
26,18,142.0
26,19,145.0
26,20,150.0
26,21,158.0
26,22,162.0
26,23,164.0
26,24,150.0
26,25,221.0
26,26,169.0
26,27,228.0
26,28,166.0
26,29,161.0
26,30,156.0
26,31,172.0
26,32,176.0
27,1,196.0
27,2,175.0
27,3,171.0
27,4,276.0
27,5,168.0
27,6,153.0
27,7,150.0
27,8,254.0
27,9,160.0
27,10,148.0
27,11,149.0
27,12,235.0
27,13,165.0
27,14,172.0
27,15,173.0
27,16,182.0
27,17,151.0
27,18,151.0
27,19,153.0
27,20,158.0
27,21,166.0
27,22,171.0
27,23,172.0
27,24,158.0
27,25,255.0
27,26,228.0
27,27,169.0
27,28,174.0
27,29,170.0
27,30,165.0
27,31,181.0
27,32,185.0
28,1,179.0
28,2,171.0
28,3,166.0
28,4,164.0
28,5,153.0
28,6,147.0
28,7,143.0
28,8,142.0
28,9,181.0
28,10,175.0
28,11,169.0
28,12,162.0
28,13,196.0
28,14,145.0
28,15,139.0
28,16,149.0
28,17,213.0
28,18,153.0
28,19,142.0
28,20,160.0
28,21,226.0
28,22,220.0
28,23,185.0
28,24,160.0
28,25,167.0
28,26,166.0
28,27,174.0
28,28,151.0
28,29,203.0
28,30,216.0
28,31,148.0
28,32,155.0
29,1,174.0
29,2,166.0
29,3,162.0
29,4,159.0
29,5,148.0
29,6,142.0
29,7,138.0
29,8,138.0
29,9,176.0
29,10,170.0
29,11,164.0
29,12,157.0
29,13,191.0
29,14,144.0
29,15,149.0
29,16,154.0
29,17,201.0
29,18,147.0
29,19,153.0
29,20,148.0
29,21,218.0
29,22,188.0
29,23,148.0
29,24,148.0
29,25,163.0
29,26,161.0
29,27,170.0
29,28,203.0
29,29,151.0
29,30,200.0
29,31,146.0
29,32,150.0
30,1,169.0
30,2,162.0
30,3,157.0
30,4,154.0
30,5,143.0
30,6,138.0
30,7,134.0
30,8,133.0
30,9,171.0
30,10,166.0
30,11,159.0
30,12,153.0
30,13,207.0
30,14,144.0
30,15,137.0
30,16,176.0
30,17,188.0
30,18,144.0
30,19,139.0
30,20,152.0
30,21,198.0
30,22,140.0
30,23,138.0
30,24,152.0
30,25,158.0
30,26,156.0
30,27,165.0
30,28,216.0
30,29,200.0
30,30,151.0
30,31,148.0
30,32,161.0
31,1,185.0
31,2,177.0
31,3,172.0
31,4,170.0
31,5,159.0
31,6,153.0
31,7,149.0
31,8,149.0
31,9,187.0
31,10,181.0
31,11,175.0
31,12,168.0
31,13,145.0
31,14,226.0
31,15,225.0
31,16,236.0
31,17,143.0
31,18,194.0
31,19,235.0
31,20,230.0
31,21,175.0
31,22,265.0
31,23,265.0
31,24,230.0
31,25,173.0
31,26,172.0
31,27,181.0
31,28,148.0
31,29,146.0
31,30,148.0
31,31,170.0
31,32,230.0
32,1,189.0
32,2,182.0
32,3,177.0
32,4,175.0
32,5,163.0
32,6,158.0
32,7,154.0
32,8,153.0
32,9,191.0
32,10,186.0
32,11,179.0
32,12,173.0
32,13,149.0
32,14,197.0
32,15,276.0
32,16,271.0
32,17,144.0
32,18,201.0
32,19,229.0
32,20,242.0
32,21,145.0
32,22,188.0
32,23,230.0
32,24,242.0
32,25,178.0
32,26,176.0
32,27,185.0
32,28,155.0
32,29,150.0
32,30,161.0
32,31,230.0
32,32,170.0
